107
1 4 11 31 41 59
2 6 13 60 86 99 102 107
3 3 14 16 74
4 3 9 10 106
5 5 40 44 58 64 100
6 3 84 87 90
7 5 30 65 75 77 104
8 2 68 79
9 6 4 26 57 63 93 106
10 6 4 40 44 55 58 106
11 5 1 59 81 85 88
12 3 33 51 103
13 5 2 15 45 86 102
14 3 3 16 74
15 3 13 45 102
16 3 3 14 101
17 6 21 25 34 36 70 78
18 4 20 47 71 92
19 5 27 60 61 62 84
20 7 18 46 71 81 85 91 92
21 5 17 70 78 87 90
22 3 53 80 102
23 4 34 36 42 73
24 1 39
25 5 17 36 54 70 73
26 6 9 57 63 86 89 96
27 4 19 60 62 80
28 5 35 47 56 95 98
29 6 42 50 59 67 73 76
30 3 7 48 77
31 5 1 41 59 70 73
32 6 55 57 64 78 100 106
33 2 12 103
34 5 17 23 36 78 100
35 5 28 65 83 95 98
36 6 17 23 25 34 54 73
37 3 43 51 82
38 2 66 68
39 2 24 44
40 4 5 10 44 58
41 2 1 31
42 4 23 29 67 73
43 2 37 82
44 4 5 10 39 40
45 5 13 15 86 89 93
46 5 20 49 56 71 81
47 5 18 28 56 71 95
48 2 30 77
49 3 46 56 81
50 8 29 52 59 69 72 76 85 88
51 5 12 37 82 97 103
52 4 50 69 72 105
53 3 22 80 102
54 3 25 36 73
55 5 10 32 58 64 106
56 6 28 46 47 49 71 98
57 6 9 26 32 78 96 106
58 5 5 10 40 55 64
59 7 1 11 29 31 50 73 88
60 7 2 19 27 80 84 102 107
61 2 19 62
62 4 19 27 61 80
63 4 9 26 89 93
64 5 5 32 55 58 100
65 7 7 35 66 75 83 95 104
66 4 38 65 68 104
67 3 29 42 76
68 4 8 38 66 79
69 3 50 52 76
70 6 17 21 25 31 73 87
71 5 18 20 46 47 56
72 5 50 52 85 91 105
73 9 23 25 29 31 36 42 54 59 70
74 2 3 14
75 3 7 65 95
76 4 29 50 67 69
77 4 7 30 48 104
78 8 17 21 32 34 57 90 96 100
79 2 8 68
80 6 22 27 53 60 62 102
81 5 11 20 46 49 85
82 5 37 43 51 94 97
83 3 35 65 98
84 5 6 19 60 90 107
85 7 11 20 50 72 81 88 91
86 7 2 13 26 45 89 96 99
87 4 6 21 70 90
88 4 11 50 59 85
89 5 26 45 63 86 93
90 7 6 21 78 84 87 96 107
91 4 20 72 85 92
92 3 18 20 91
93 4 9 45 63 89
94 3 82 97 103
95 5 28 35 47 65 75
96 7 26 57 78 86 90 99 107
97 4 51 82 94 103
98 4 28 35 56 83
99 4 2 86 96 107
100 5 5 32 34 64 78
101 1 16
102 7 2 13 15 22 53 60 80
103 5 12 33 51 94 97
104 4 7 65 66 77
105 2 52 72
106 6 4 9 10 32 55 57
107 6 2 60 84 90 96 99
